0.000000e+00 2.166667e-03 4.333333e-03 4.385779e-10
4.333333e-03 6.500000e-03 8.666667e-03 1.591608e-07
8.666667e-03 1.083333e-02 1.300000e-02 2.265379e-06
1.300000e-02 1.516667e-02 1.733333e-02 1.246801e-05
1.733333e-02 1.950000e-02 2.166667e-02 4.331322e-05
2.166667e-02 2.383333e-02 2.600000e-02 1.146811e-04
2.600000e-02 2.816667e-02 3.033333e-02 2.538667e-04
3.033333e-02 3.250000e-02 3.466667e-02 4.950734e-04
3.466667e-02 3.683333e-02 3.900000e-02 8.785351e-04
3.900000e-02 4.116667e-02 4.333333e-02 1.449428e-03
4.333333e-02 4.550000e-02 4.766667e-02 2.256691e-03
4.766667e-02 4.983333e-02 5.200000e-02 3.351828e-03
5.200000e-02 5.416667e-02 5.633333e-02 4.787760e-03
5.633333e-02 5.850000e-02 6.066667e-02 6.617749e-03
6.066667e-02 6.283333e-02 6.500000e-02 8.894433e-03
6.500000e-02 6.716667e-02 6.933333e-02 1.166896e-02
6.933333e-02 7.150000e-02 7.366667e-02 1.499023e-02
7.366667e-02 7.583333e-02 7.800000e-02 1.890432e-02
7.800000e-02 8.016667e-02 8.233333e-02 2.345390e-02
8.233333e-02 8.450000e-02 8.666667e-02 2.867786e-02
8.666667e-02 8.883333e-02 9.100000e-02 3.461098e-02
9.100000e-02 9.316667e-02 9.533333e-02 4.128374e-02
9.533333e-02 9.750000e-02 9.966667e-02 4.872212e-02
9.966667e-02 1.018333e-01 1.040000e-01 5.694754e-02
1.040000e-01 1.061667e-01 1.083333e-01 6.597687e-02
1.083333e-01 1.105000e-01 1.126667e-01 7.582245e-02
1.126667e-01 1.148333e-01 1.170000e-01 8.649216e-02
1.170000e-01 1.191667e-01 1.213333e-01 9.798956e-02
1.213333e-01 1.235000e-01 1.256667e-01 1.103141e-01
1.256667e-01 1.278333e-01 1.300000e-01 1.234610e-01
1.300000e-01 1.321667e-01 1.343333e-01 1.374221e-01
1.343333e-01 1.365000e-01 1.386667e-01 1.521854e-01
1.386667e-01 1.408333e-01 1.430000e-01 1.677355e-01
1.430000e-01 1.451667e-01 1.473333e-01 1.840540e-01
1.473333e-01 1.495000e-01 1.516667e-01 2.011198e-01
1.516667e-01 1.538333e-01 1.560000e-01 2.189089e-01
1.560000e-01 1.581667e-01 1.603333e-01 2.373950e-01
1.603333e-01 1.625000e-01 1.646667e-01 2.565497e-01
1.646667e-01 1.668333e-01 1.690000e-01 2.763429e-01
1.690000e-01 1.711667e-01 1.733333e-01 2.967424e-01
1.733333e-01 1.755000e-01 1.776667e-01 3.177148e-01
1.776667e-01 1.798333e-01 1.820000e-01 3.392256e-01
1.820000e-01 1.841667e-01 1.863333e-01 3.612391e-01
1.863333e-01 1.885000e-01 1.906667e-01 3.837186e-01
1.906667e-01 1.928333e-01 1.950000e-01 4.066272e-01
1.950000e-01 1.971667e-01 1.993333e-01 4.299271e-01
1.993333e-01 2.015000e-01 2.036667e-01 4.535804e-01
2.036667e-01 2.058333e-01 2.080000e-01 4.775492e-01
2.080000e-01 2.101667e-01 2.123333e-01 5.017952e-01
2.123333e-01 2.145000e-01 2.166667e-01 5.262806e-01
2.166667e-01 2.188333e-01 2.210000e-01 5.509678e-01
2.210000e-01 2.231667e-01 2.253333e-01 5.758194e-01
2.253333e-01 2.275000e-01 2.296667e-01 6.007986e-01
2.296667e-01 2.318333e-01 2.340000e-01 6.258693e-01
2.340000e-01 2.361667e-01 2.383333e-01 6.509957e-01
2.383333e-01 2.405000e-01 2.426667e-01 6.761432e-01
2.426667e-01 2.448333e-01 2.470000e-01 7.012777e-01
2.470000e-01 2.491667e-01 2.513333e-01 7.263660e-01
2.513333e-01 2.535000e-01 2.556667e-01 7.513761e-01
2.556667e-01 2.578333e-01 2.600000e-01 7.762766e-01
2.600000e-01 2.621667e-01 2.643333e-01 8.010375e-01
2.643333e-01 2.665000e-01 2.686667e-01 8.256295e-01
2.686667e-01 2.708333e-01 2.730000e-01 8.500246e-01
2.730000e-01 2.751667e-01 2.773333e-01 8.741960e-01
2.773333e-01 2.795000e-01 2.816667e-01 8.981177e-01
2.816667e-01 2.838333e-01 2.860000e-01 9.217651e-01
2.860000e-01 2.881667e-01 2.903333e-01 9.451148e-01
2.903333e-01 2.925000e-01 2.946667e-01 9.681443e-01
2.946667e-01 2.968333e-01 2.990000e-01 9.908324e-01
2.990000e-01 3.011667e-01 3.033333e-01 1.013159e+00
3.033333e-01 3.055000e-01 3.076667e-01 1.035105e+00
3.076667e-01 3.098333e-01 3.120000e-01 1.056654e+00
3.120000e-01 3.141667e-01 3.163333e-01 1.077787e+00
3.163333e-01 3.185000e-01 3.206667e-01 1.098491e+00
3.206667e-01 3.228333e-01 3.250000e-01 1.118749e+00
3.250000e-01 3.271667e-01 3.293333e-01 1.138550e+00
3.293333e-01 3.315000e-01 3.336667e-01 1.157880e+00
3.336667e-01 3.358333e-01 3.380000e-01 1.176729e+00
3.380000e-01 3.401667e-01 3.423333e-01 1.195085e+00
3.423333e-01 3.445000e-01 3.466667e-01 1.212941e+00
3.466667e-01 3.488333e-01 3.510000e-01 1.230287e+00
3.510000e-01 3.531667e-01 3.553333e-01 1.247116e+00
3.553333e-01 3.575000e-01 3.596667e-01 1.263421e+00
3.596667e-01 3.618333e-01 3.640000e-01 1.279198e+00
3.640000e-01 3.661667e-01 3.683333e-01 1.294441e+00
3.683333e-01 3.705000e-01 3.726667e-01 1.309146e+00
3.726667e-01 3.748333e-01 3.770000e-01 1.323310e+00
3.770000e-01 3.791667e-01 3.813333e-01 1.336932e+00
3.813333e-01 3.835000e-01 3.856667e-01 1.350008e+00
3.856667e-01 3.878333e-01 3.900000e-01 1.362539e+00
3.900000e-01 3.921667e-01 3.943333e-01 1.374524e+00
3.943333e-01 3.965000e-01 3.986667e-01 1.385963e+00
3.986667e-01 4.008333e-01 4.030000e-01 1.396857e+00
4.030000e-01 4.051667e-01 4.073333e-01 1.407209e+00
4.073333e-01 4.095000e-01 4.116667e-01 1.417019e+00
4.116667e-01 4.138333e-01 4.160000e-01 1.426292e+00
4.160000e-01 4.181667e-01 4.203333e-01 1.435029e+00
4.203333e-01 4.225000e-01 4.246667e-01 1.443235e+00
4.246667e-01 4.268333e-01 4.290000e-01 1.450914e+00
4.290000e-01 4.311667e-01 4.333333e-01 1.458071e+00
4.333333e-01 4.355000e-01 4.376667e-01 1.464710e+00
4.376667e-01 4.398333e-01 4.420000e-01 1.470837e+00
4.420000e-01 4.441667e-01 4.463333e-01 1.476457e+00
4.463333e-01 4.485000e-01 4.506667e-01 1.481577e+00
4.506667e-01 4.528333e-01 4.550000e-01 1.486203e+00
4.550000e-01 4.571667e-01 4.593333e-01 1.490342e+00
4.593333e-01 4.615000e-01 4.636667e-01 1.494000e+00
4.636667e-01 4.658333e-01 4.680000e-01 1.497184e+00
4.680000e-01 4.701667e-01 4.723333e-01 1.499903e+00
4.723333e-01 4.745000e-01 4.766667e-01 1.502164e+00
4.766667e-01 4.788333e-01 4.810000e-01 1.503974e+00
4.810000e-01 4.831667e-01 4.853333e-01 1.505341e+00
4.853333e-01 4.875000e-01 4.896667e-01 1.506275e+00
4.896667e-01 4.918333e-01 4.940000e-01 1.506782e+00
4.940000e-01 4.961667e-01 4.983333e-01 1.506871e+00
4.983333e-01 5.005000e-01 5.026667e-01 1.506552e+00
5.026667e-01 5.048333e-01 5.070000e-01 1.505831e+00
5.070000e-01 5.091667e-01 5.113333e-01 1.504719e+00
5.113333e-01 5.135000e-01 5.156667e-01 1.503224e+00
5.156667e-01 5.178333e-01 5.200000e-01 1.501354e+00
5.200000e-01 5.221667e-01 5.243333e-01 1.499119e+00
5.243333e-01 5.265000e-01 5.286667e-01 1.496527e+00
5.286667e-01 5.308333e-01 5.330000e-01 1.493587e+00
5.330000e-01 5.351667e-01 5.373333e-01 1.490309e+00
5.373333e-01 5.395000e-01 5.416667e-01 1.486700e+00
5.416667e-01 5.438333e-01 5.460000e-01 1.482771e+00
5.460000e-01 5.481667e-01 5.503333e-01 1.478529e+00
5.503333e-01 5.525000e-01 5.546667e-01 1.473983e+00
5.546667e-01 5.568333e-01 5.590000e-01 1.469143e+00
5.590000e-01 5.611667e-01 5.633333e-01 1.464017e+00
5.633333e-01 5.655000e-01 5.676667e-01 1.458614e+00
5.676667e-01 5.698333e-01 5.720000e-01 1.452942e+00
5.720000e-01 5.741667e-01 5.763333e-01 1.447010e+00
5.763333e-01 5.785000e-01 5.806667e-01 1.440827e+00
5.806667e-01 5.828333e-01 5.850000e-01 1.434400e+00
5.850000e-01 5.871667e-01 5.893333e-01 1.427739e+00
5.893333e-01 5.915000e-01 5.936667e-01 1.420851e+00
5.936667e-01 5.958333e-01 5.980000e-01 1.413744e+00
5.980000e-01 6.001667e-01 6.023333e-01 1.406428e+00
6.023333e-01 6.045000e-01 6.066667e-01 1.398908e+00
6.066667e-01 6.088333e-01 6.110000e-01 1.391194e+00
6.110000e-01 6.131667e-01 6.153333e-01 1.383293e+00
6.153333e-01 6.175000e-01 6.196667e-01 1.375213e+00
6.196667e-01 6.218333e-01 6.240000e-01 1.366960e+00
6.240000e-01 6.261667e-01 6.283333e-01 1.358544e+00
6.283333e-01 6.305000e-01 6.326667e-01 1.349970e+00
6.326667e-01 6.348333e-01 6.370000e-01 1.341246e+00
6.370000e-01 6.391667e-01 6.413333e-01 1.332379e+00
6.413333e-01 6.435000e-01 6.456667e-01 1.323376e+00
6.456667e-01 6.478333e-01 6.500000e-01 1.314244e+00
6.500000e-01 6.521667e-01 6.543333e-01 1.304989e+00
6.543333e-01 6.565000e-01 6.586667e-01 1.295618e+00
6.586667e-01 6.608333e-01 6.630000e-01 1.286138e+00
6.630000e-01 6.651667e-01 6.673333e-01 1.276553e+00
6.673333e-01 6.695000e-01 6.716667e-01 1.266872e+00
6.716667e-01 6.738333e-01 6.760000e-01 1.257099e+00
6.760000e-01 6.781667e-01 6.803333e-01 1.247240e+00
6.803333e-01 6.825000e-01 6.846667e-01 1.237302e+00
6.846667e-01 6.868333e-01 6.890000e-01 1.227290e+00
6.890000e-01 6.911667e-01 6.933333e-01 1.217209e+00
6.933333e-01 6.955000e-01 6.976667e-01 1.207065e+00
6.976667e-01 6.998333e-01 7.020000e-01 1.196863e+00
7.020000e-01 7.041667e-01 7.063333e-01 1.186608e+00
7.063333e-01 7.085000e-01 7.106667e-01 1.176305e+00
7.106667e-01 7.128333e-01 7.150000e-01 1.165959e+00
7.150000e-01 7.171667e-01 7.193333e-01 1.155575e+00
7.193333e-01 7.215000e-01 7.236667e-01 1.145157e+00
7.236667e-01 7.258333e-01 7.280000e-01 1.134710e+00
7.280000e-01 7.301667e-01 7.323333e-01 1.124238e+00
7.323333e-01 7.345000e-01 7.366667e-01 1.113746e+00
7.366667e-01 7.388333e-01 7.410000e-01 1.103237e+00
7.410000e-01 7.431667e-01 7.453333e-01 1.092716e+00
7.453333e-01 7.475000e-01 7.496667e-01 1.082186e+00
7.496667e-01 7.518333e-01 7.540000e-01 1.071651e+00
7.540000e-01 7.561667e-01 7.583333e-01 1.061116e+00
7.583333e-01 7.605000e-01 7.626667e-01 1.050583e+00
7.626667e-01 7.648333e-01 7.670000e-01 1.040056e+00
7.670000e-01 7.691667e-01 7.713333e-01 1.029538e+00
7.713333e-01 7.735000e-01 7.756667e-01 1.019033e+00
7.756667e-01 7.778333e-01 7.800000e-01 1.008544e+00
7.800000e-01 7.821667e-01 7.843333e-01 9.980736e-01
7.843333e-01 7.865000e-01 7.886667e-01 9.876248e-01
7.886667e-01 7.908333e-01 7.930000e-01 9.772005e-01
7.930000e-01 7.951667e-01 7.973333e-01 9.668035e-01
7.973333e-01 7.995000e-01 8.016667e-01 9.564364e-01
8.016667e-01 8.038333e-01 8.060000e-01 9.461018e-01
8.060000e-01 8.081667e-01 8.103333e-01 9.358021e-01
8.103333e-01 8.125000e-01 8.146667e-01 9.255397e-01
8.146667e-01 8.168333e-01 8.190000e-01 9.153168e-01
8.190000e-01 8.211667e-01 8.233333e-01 9.051358e-01
8.233333e-01 8.255000e-01 8.276667e-01 8.949985e-01
8.276667e-01 8.298333e-01 8.320000e-01 8.849072e-01
8.320000e-01 8.341667e-01 8.363333e-01 8.748637e-01
8.363333e-01 8.385000e-01 8.406667e-01 8.648698e-01
8.406667e-01 8.428333e-01 8.450000e-01 8.549275e-01
8.450000e-01 8.471667e-01 8.493333e-01 8.450383e-01
8.493333e-01 8.515000e-01 8.536667e-01 8.352039e-01
8.536667e-01 8.558333e-01 8.580000e-01 8.254258e-01
8.580000e-01 8.601667e-01 8.623333e-01 8.157056e-01
8.623333e-01 8.645000e-01 8.666667e-01 8.060446e-01
8.666667e-01 8.688333e-01 8.710000e-01 7.964442e-01
8.710000e-01 8.731667e-01 8.753333e-01 7.869057e-01
8.753333e-01 8.775000e-01 8.796667e-01 7.774303e-01
8.796667e-01 8.818333e-01 8.840000e-01 7.680192e-01
8.840000e-01 8.861667e-01 8.883333e-01 7.586733e-01
8.883333e-01 8.905000e-01 8.926667e-01 7.493939e-01
8.926667e-01 8.948333e-01 8.970000e-01 7.401817e-01
8.970000e-01 8.991667e-01 9.013333e-01 7.310378e-01
9.013333e-01 9.035000e-01 9.056667e-01 7.219631e-01
9.056667e-01 9.078333e-01 9.100000e-01 7.129582e-01
9.100000e-01 9.121667e-01 9.143333e-01 7.040239e-01
9.143333e-01 9.165000e-01 9.186667e-01 6.951610e-01
9.186667e-01 9.208333e-01 9.230000e-01 6.863702e-01
9.230000e-01 9.251667e-01 9.273333e-01 6.776519e-01
9.273333e-01 9.295000e-01 9.316667e-01 6.690068e-01
9.316667e-01 9.338333e-01 9.360000e-01 6.604353e-01
9.360000e-01 9.381667e-01 9.403333e-01 6.519380e-01
9.403333e-01 9.425000e-01 9.446667e-01 6.435152e-01
9.446667e-01 9.468333e-01 9.490000e-01 6.351673e-01
9.490000e-01 9.511667e-01 9.533333e-01 6.268947e-01
9.533333e-01 9.555000e-01 9.576667e-01 6.186976e-01
9.576667e-01 9.598333e-01 9.620000e-01 6.105764e-01
9.620000e-01 9.641667e-01 9.663333e-01 6.025312e-01
9.663333e-01 9.685000e-01 9.706667e-01 5.945622e-01
9.706667e-01 9.728333e-01 9.750000e-01 5.866696e-01
9.750000e-01 9.771667e-01 9.793333e-01 5.788535e-01
9.793333e-01 9.815000e-01 9.836667e-01 5.711140e-01
9.836667e-01 9.858333e-01 9.880000e-01 5.634512e-01
9.880000e-01 9.901667e-01 9.923333e-01 5.558650e-01
9.923333e-01 9.945000e-01 9.966667e-01 5.483554e-01
9.966667e-01 9.988333e-01 1.001000e+00 5.409225e-01
1.001000e+00 1.003167e+00 1.005333e+00 5.335662e-01
1.005333e+00 1.007500e+00 1.009667e+00 5.262863e-01
1.009667e+00 1.011833e+00 1.014000e+00 5.190828e-01
1.014000e+00 1.016167e+00 1.018333e+00 5.119555e-01
1.018333e+00 1.020500e+00 1.022667e+00 5.049043e-01
1.022667e+00 1.024833e+00 1.027000e+00 4.979290e-01
1.027000e+00 1.029167e+00 1.031333e+00 4.910294e-01
1.031333e+00 1.033500e+00 1.035667e+00 4.842052e-01
1.035667e+00 1.037833e+00 1.040000e+00 4.774563e-01
1.040000e+00 1.042167e+00 1.044333e+00 4.707823e-01
1.044333e+00 1.046500e+00 1.048667e+00 4.641829e-01
1.048667e+00 1.050833e+00 1.053000e+00 4.576580e-01
1.053000e+00 1.055167e+00 1.057333e+00 4.512071e-01
1.057333e+00 1.059500e+00 1.061667e+00 4.448298e-01
1.061667e+00 1.063833e+00 1.066000e+00 4.385260e-01
1.066000e+00 1.068167e+00 1.070333e+00 4.322952e-01
1.070333e+00 1.072500e+00 1.074667e+00 4.261369e-01
1.074667e+00 1.076833e+00 1.079000e+00 4.200510e-01
1.079000e+00 1.081167e+00 1.083333e+00 4.140368e-01
1.083333e+00 1.085500e+00 1.087667e+00 4.080940e-01
1.087667e+00 1.089833e+00 1.092000e+00 4.022222e-01
1.092000e+00 1.094167e+00 1.096333e+00 3.964210e-01
1.096333e+00 1.098500e+00 1.100667e+00 3.906898e-01
1.100667e+00 1.102833e+00 1.105000e+00 3.850283e-01
1.105000e+00 1.107167e+00 1.109333e+00 3.794359e-01
1.109333e+00 1.111500e+00 1.113667e+00 3.739122e-01
1.113667e+00 1.115833e+00 1.118000e+00 3.684567e-01
1.118000e+00 1.120167e+00 1.122333e+00 3.630688e-01
1.122333e+00 1.124500e+00 1.126667e+00 3.577482e-01
1.126667e+00 1.128833e+00 1.131000e+00 3.524942e-01
1.131000e+00 1.133167e+00 1.135333e+00 3.473064e-01
1.135333e+00 1.137500e+00 1.139667e+00 3.421843e-01
1.139667e+00 1.141833e+00 1.144000e+00 3.371272e-01
1.144000e+00 1.146167e+00 1.148333e+00 3.321347e-01
1.148333e+00 1.150500e+00 1.152667e+00 3.272063e-01
1.152667e+00 1.154833e+00 1.157000e+00 3.223414e-01
1.157000e+00 1.159167e+00 1.161333e+00 3.175394e-01
1.161333e+00 1.163500e+00 1.165667e+00 3.127998e-01
1.165667e+00 1.167833e+00 1.170000e+00 3.081220e-01
1.170000e+00 1.172167e+00 1.174333e+00 3.035056e-01
1.174333e+00 1.176500e+00 1.178667e+00 2.989498e-01
1.178667e+00 1.180833e+00 1.183000e+00 2.944543e-01
1.183000e+00 1.185167e+00 1.187333e+00 2.900183e-01
1.187333e+00 1.189500e+00 1.191667e+00 2.856414e-01
1.191667e+00 1.193833e+00 1.196000e+00 2.813230e-01
1.196000e+00 1.198167e+00 1.200333e+00 2.770624e-01
1.200333e+00 1.202500e+00 1.204667e+00 2.728592e-01
1.204667e+00 1.206833e+00 1.209000e+00 2.687127e-01
1.209000e+00 1.211167e+00 1.213333e+00 2.646225e-01
1.213333e+00 1.215500e+00 1.217667e+00 2.605878e-01
1.217667e+00 1.219833e+00 1.222000e+00 2.566082e-01
1.222000e+00 1.224167e+00 1.226333e+00 2.526831e-01
1.226333e+00 1.228500e+00 1.230667e+00 2.488119e-01
1.230667e+00 1.232833e+00 1.235000e+00 2.449941e-01
1.235000e+00 1.237167e+00 1.239333e+00 2.412290e-01
1.239333e+00 1.241500e+00 1.243667e+00 2.375161e-01
1.243667e+00 1.245833e+00 1.248000e+00 2.338548e-01
1.248000e+00 1.250167e+00 1.252333e+00 2.302447e-01
1.252333e+00 1.254500e+00 1.256667e+00 2.266850e-01
1.256667e+00 1.258833e+00 1.261000e+00 2.231753e-01
1.261000e+00 1.263167e+00 1.265333e+00 2.197150e-01
1.265333e+00 1.267500e+00 1.269667e+00 2.163035e-01
1.269667e+00 1.271833e+00 1.274000e+00 2.129403e-01
1.274000e+00 1.276167e+00 1.278333e+00 2.096248e-01
1.278333e+00 1.280500e+00 1.282667e+00 2.063565e-01
1.282667e+00 1.284833e+00 1.287000e+00 2.031349e-01
1.287000e+00 1.289167e+00 1.291333e+00 1.999593e-01
1.291333e+00 1.293500e+00 1.295667e+00 1.968292e-01
1.295667e+00 1.297833e+00 1.300000e+00 1.937442e-01
